61
54
90
37
93
92
65
63
23
13
46
96
64
42
77
38
66
77
78
97
65
10
0
23
35
59
73
89
61
95
33
58
15
78
85
64
30
66
90
72
20
15
94
66
44
66
48
23
98
64
24
38
86
3
74
50
99
98
33
1
68
18
92
70
100
96
64
33
26
15
10
94
10
90
37
99
48
12
1
71
57
24
97
20
93
67
27
25
78
50
75
87
99
98
95
73
94
60
17
42
55
49
56
90
91
22
61
59
28
48
7
92
84
75
48
92
27
9
60
77
64
44
97
86
40
92
69
100
53
23
88
35
49
77
38
81
70
12
96
21
27
32
94
69
32
34
5
8
77
9
58
17
84
4
6
24
63
65
48
70
43
23
63
54
100
5
24
0
10
44
75
0
92
22
34
24
48
25
39
76
83
78
51
57
35
37
41
0
48
89
0
47
36
30
89
24
82
13
2
50
15
56
87
38
69
46
31
2
70
17
57
26
8
46
100
70
13
68
6
96
74
16
27
4
94
27
33
67
82
53
0
14
42
58
61
81
15
100
96
33
24
84
79
23
50
49
16
92
30
63
87
2
17
47
36
71
78
55
23
67
51
24
38
55
24
28
93
37
41
22
32
89
66
17
27
19
28
38
71
16
65
30
20
79
13
17
92
18
55
14
64
100
83
14
91
37
51
44
73
2
20
9
39
54
26
78
82
86
82
76
44
78
75
35
46
45
8
35
79
89
93
17
98
51
42
27
33
58
75
93
38
70
98
14
32
20
86
64
40
1
71
57
12
79
63
76
3
41
41
40
32
33
20
75
49
17
70
44
14
85
90
53
56
28
4
50
78
31
41
28
60
54
40
91
89
31
41
52
54
49
67
65
44
18
89
21
63
36
55
97
13
61
85
13
57
42
26
99
72
67
80
13
3
80
52
31
3
54
90
21
62
94
93
62
53
40
58
24
11
55
55
99
95
11
91
71
89
63
53
50
71
19
75
95
75
24
10
13
98
28
82
63
4
84
89
56
32
3
45
67
91
6
14
16
81
21
23
15
55
96
71
84
24
9
22
86
96
66
30
40
22
21
48
71
9
84
2
3
16
77
76
57
43
68
34
96
29
55
49
32
24
86
85
89
51
30
77
54
19
19
22
81
81
19
35
70
80
10
48
80
10
68
2
33
10
30
96
68
85
30
67
30
38
74
89
57
51
12
78
35
96
73
90
22
46
50
66
81
81
41
23
88
77
69
86
11
13
0
16
95
37
16
40
22
66
23
57
72
40
43
38
19
58
13
49
25
50
21
11
19
85
39
73
25
38
51
86
67
64
13
1
98
51
29
87
10
14
80
68
45
25
44
29
98
1
86
22
91
89
96
85
4
87
11
57
58
1
98
23
100
91
40
30
66
67
20
93
74
15
40
78
23
59
38
58
37
78
34
75
65
38
65
38
28
75
21
17
43
51
82
93
96
31
44
15
26
53
61
43
36
33
28
49
17
20
87
26
46
52
43
87
13
18
63
96
63
0
95
68
10
57
2
37
67
95
42
46
18
92
34
66
52
93
82
61
95
82
2
40
20
38
59
54
62
55
26
50
78
13
4
59
71
41
32
55
31
100
57
44
46
47
60
52
50
0
93
72
39
90
2
37
61
62
30
96
62
87
57
93
40
6
85
22
60
8
21
34
52
40
1
38
69
52
97
73
21
71
60
11
28
48
21
9
17
75
5
4
32
98
44
53
32
53
11
35
38
10
79
58
89
33
65
84
97
41
66
36
44
81
20
29
1
42
44
87
1
59
97
48
72
54
11
32
85
75
48
95
16
57
20
54
56
91
14
42
81
42
100
65
51
44
64
91
31
90
0
23
69
33
56
64
89
6
81
87
79
91
88
99
96
40
0
70
90
29
9
77
79
100
84
73
54
64
20
14
21
82
69
7
4
84
98
10
75
39
49
35
64
58
72
57
82
50
94
72
91
90
63
92
6
96
14
100
41
100
7
28
43
89
80
24
71
55
4
82
30
50
37
83
24
79
53
23
70
81
10
68
69
46
63
61
61
64
20
74
26
69
65
39
99
19
22
76
69
70
6
93
21
83
8
85
33
15
31
63
32
3
73
25
62
84
5
54
38
81
70
23
89
99
92
38
81
12
43
78
27
96
44
97
83
46
71
36
80
55
48
32
19
88
75
21
48
16
20
92
72
43
48
60
27
60
72
83
63
82
12
2
86
87
74
17
99
2
88
77
98
72
4
37
23
61
61
26
70
18
71
27
14
6
36
