89
59
22
9
2
62
67
7
81
11
78
20
56
90
82
77
10
70
19
44
57
45
46
27
66
26
43
59
32
4
34
76
61
48
70
94
9
63
29
48
11
6
62
23
19
13
80
66
70
71
99
68
74
99
13
64
58
92
46
97
87
29
3
9
86
83
75
55
75
81
14
59
80
40
30
26
74
87
6
59
98
57
74
2
55
92
37
37
74
95
51
53
52
58
30
27
71
67
53
64
19
82
8
87
71
34
0
76
20
76
15
90
58
16
88
3
31
15
7
46
83
62
60
86
67
14
77
53
16
25
85
99
61
1
33
90
72
76
10
54
38
30
77
6
98
30
61
93
8
46
81
44
99
51
10
31
68
52
9
37
42
29
96
55
96
99
79
19
9
56
84
90
86
46
76
90
38
59
18
99
91
8
54
29
43
73
29
91
47
96
60
96
97
9
11
40
3
15
55
68
100
66
8
8
90
41
75
13
40
31
18
78
27
72
90
94
3
57
75
13
44
56
68
75
93
18
26
27
55
10
74
28
69
53
57
71
83
97
76
1
0
25
23
6
22
82
15
78
94
23
45
11
96
77
5
96
68
88
26
81
57
59
94
61
11
41
21
41
81
79
82
65
14
3
78
6
10
22
13
30
28
17
6
7
92
71
58
56
44
75
48
20
3
68
76
95
62
67
29
76
44
37
12
99
57
52
89
72
55
38
52
25
60
5
38
11
34
2
53
5
34
25
38
81
75
51
0
54
14
10
38
95
8
13
70
32
75
48
70
3
11
6
89
27
96
67
46
10
31
71
19
37
44
70
36
79
22
85
21
91
51
90
10
24
31
34
99
94
60
68
98
30
14
74
6
11
8
11
0
82
40
75
75
74
22
35
42
95
57
81
68
98
91
70
75
89
46
6
27
45
7
80
74
75
5
96
33
87
55
8
88
97
57
35
48
62
87
61
10
62
14
55
80
13
7
92
77
1
74
35
13
94
64
67
44
59
66
51
70
93
82
97
29
75
51
84
86
27
26
9
50
64
86
21
92
80
6
13
82
64
4
61
91
61
33
67
29
85
84
94
62
64
70
28
53
79
92
95
47
66
29
64
58
72
77
80
60
75
74
80
66
48
50
95
62
99
54
44
2
1
69
53
89
79
80
52
88
34
27
94
80
15
70
96
44
40
60
23
73
27
80
51
68
1
19
58
62
88
89
97
49
50
53
57
45
73
23
17
99
64
87
79
12
26
15
36
55
43
63
2
81
9
30
43
49
96
93
47
28
15
74
77
8
86
21
86
10
63
75
9
85
20
95
64
52
81
39
57
16
71
51
17
36
14
100
44
29
47
7
77
6
42
68
54
82
98
67
52
42
75
15
100
65
82
37
86
63
98
62
2
5
65
41
69
77
55
98
28
49
95
9
66
4
100
13
21
8
98
52
55
83
77
76
12
4
46
21
2
43
67
99
65
39
68
30
46
50
87
38
64
24
16
33
29
21
7
61
3
86
50
85
69
56
52
15
61
46
99
13
15
22
9
37
61
11
32
93
100
36
31
17
14
31
11
94
9
97
47
37
21
15
96
32
2
47
47
10
64
60
73
21
94
10
16
75
45
39
13
59
7
4
4
68
19
28
25
31
88
9
94
69
3
64
14
87
48
91
10
13
75
29
70
44
23
41
93
64
20
81
72
2
80
17
57
28
86
30
65
98
9
37
8
18
18
74
29
27
31
5
28
13
88
88
63
59
2
39
38
60
64
81
38
80
33
46
20
50
40
32
66
78
25
51
82
32
23
15
78
59
100
90
71
29
79
17
82
18
6
41
36
97
22
85
44
69
45
7
79
68
12
63
7
52
39
57
43
31
32
35
40
4
86
25
52
38
77
77
52
48
81
21
97
48
41
73
99
88
73
49
71
52
31
84
6
47
94
62
85
99
86
70
37
41
73
34
30
70
2
71
60
64
52
62
10
39
33
45
36
13
60
2
64
88
34
89
2
87
53
66
29
86
34
33
44
51
93
52
86
47
51
25
41
46
82
26
40
17
66
77
94
7
89
95
55
100
2
3
16
47
56
12
97
69
80
45
34
79
8
54
82
98
22
89
44
66
95
48
42
23
86
37
25
7
88
43
50
31
91
44
52
100
24
43
63
15
34
92
26
15
89
56
26
31
77
18
59
61
57
4
0
100
0
100
99
28
34
49
23
55
79
75
13
70
65
15
45
39
35
99
65
64
16
91
98
37
88
95
29
43
44
50
87
87
43
86
57
99
34
62
93
