26
89
8
91
37
15
86
6
34
100
30
93
49
28
83
58
69
9
82
63
32
67
98
64
24
58
18
56
46
17
3
94
14
20
15
74
83
87
33
47
30
24
32
60
49
19
62
15
48
6
69
44
97
90
28
49
37
19
97
82
54
5
39
16
63
12
74
46
17
1
53
65
69
95
69
54
28
43
74
47
66
79
52
59
11
14
87
78
82
84
70
89
62
73
2
100
24
2
93
70
37
43
74
89
35
53
89
80
95
33
44
65
84
57
90
63
27
0
29
59
93
14
25
4
58
50
26
18
58
64
34
12
48
2
38
45
32
44
74
41
98
94
77
68
29
63
94
67
68
85
85
0
73
21
1
86
90
36
24
46
36
64
91
45
98
25
82
58
55
42
34
83
22
19
54
16
8
45
64
93
23
86
12
97
17
99
53
15
57
50
52
22
1
24
87
60
37
40
66
22
6
58
0
95
98
7
19
25
99
1
39
39
16
78
69
53
97
82
64
1
90
3
67
96
26
43
83
47
54
25
4
12
74
11
54
96
93
89
15
9
33
42
84
63
87
46
33
63
57
37
50
1
96
18
34
45
32
13
4
7
62
45
63
60
1
95
24
95
47
54
100
97
40
96
75
85
47
54
27
8
4
84
4
23
39
52
88
78
0
64
90
98
25
27
72
27
42
40
48
17
68
16
93
60
20
57
80
43
59
95
61
85
20
89
66
68
15
57
82
46
39
0
81
98
57
41
91
1
66
72
30
51
41
87
69
6
4
4
17
32
32
90
48
94
24
13
45
78
76
55
85
69
83
54
95
96
0
54
69
99
79
75
6
74
5
53
8
4
93
67
83
61
51
31
11
70
46
89
51
8
58
33
94
2
10
99
9
8
91
23
67
70
3
81
0
35
60
61
57
50
9
92
67
71
65
83
61
69
71
26
6
65
94
23
4
20
96
70
73
97
86
20
71
44
20
14
75
16
98
95
25
97
4
87
1
41
88
5
38
85
49
56
69
78
72
100
77
55
27
77
18
33
81
6
73
91
22
10
14
8
91
97
5
67
8
50
60
84
36
19
23
96
5
81
27
59
66
64
13
85
74
5
52
77
71
23
88
58
5
12
31
18
97
77
96
40
26
8
39
1
27
99
0
20
82
95
57
18
40
53
41
69
93
39
59
72
61
57
6
58
50
45
81
64
23
13
56
91
21
16
7
64
1
34
69
14
18
53
1
52
59
69
60
13
94
36
32
79
89
47
41
20
31
52
83
95
9
67
26
37
99
44
87
24
91
96
47
1
58
35
82
39
56
72
14
86
32
97
14
34
40
41
43
89
2
85
18
68
0
44
47
4
6
33
55
69
99
13
36
48
63
44
95
32
61
82
77
99
58
21
62
68
20
50
1
97
44
4
100
7
30
9
74
30
95
32
57
92
25
43
44
91
74
84
95
76
31
65
25
50
7
31
36
19
9
41
33
11
77
11
38
15
91
10
85
7
74
52
64
31
61
16
81
82
12
50
70
27
3
84
66
33
77
98
4
77
75
10
41
33
92
78
11
63
45
48
14
46
7
3
75
20
62
78
42
52
20
89
5
10
7
96
92
64
2
82
40
72
61
47
91
53
36
53
80
51
62
27
88
43
80
91
11
76
1
52
65
45
55
3
62
87
55
98
66
65
10
73
66
22
35
74
55
69
22
9
83
2
63
66
33
79
64
54
11
8
59
18
59
21
98
54
1
76
62
12
73
53
22
75
52
61
84
61
92
90
2
56
85
0
41
17
67
48
2
68
84
43
20
51
39
20
18
32
96
14
43
66
58
87
55
26
63
20
14
38
28
96
69
90
93
36
8
84
86
21
78
70
3
88
71
35
84
86
86
84
55
41
55
83
71
78
64
5
41
21
5
50
49
59
66
45
8
50
42
60
11
17
62
82
97
63
26
5
95
88
40
67
45
16
97
71
45
31
60
14
99
37
98
24
20
93
45
7
26
2
24
12
17
73
28
2
78
11
3
16
51
28
65
10
30
37
93
20
1
37
26
65
49
54
3
52
73
30
72
46
17
88
68
32
22
85
77
61
42
79
64
57
85
58
71
17
81
60
8
99
69
14
50
68
91
64
76
65
21
26
39
56
29
23
10
65
64
31
62
17
73
23
88
86
6
58
94
88
67
69
86
25
40
9
90
16
4
32
44
45
48
27
43
42
13
0
49
9
19
32
2
52
99
6
42
52
26
87
8
73
72
23
28
74
15
33
49
99
97
57
8
37
94
56
